085
VRXZ07 LSSW 141038
Station/Location;Date;tre200s0;uor200s0;prestas0;fkl010z0;fkl010z1;dkl010z0;rre150z0
KENAI;202411140840;23.6;64.4;823.6;1.8;4.6;51;0.0
KENAI;202411140850;24.0;62.8;823.5;2.0;4.0;30;0.0
KENAI;202411140900;22.9;63.3;823.4;1.2;4.2;130;0.0
KENAI;202411140910;23.1;-;823.2;1.2;3.7;-;0.0
KENAI;202411140920;23.8;-;823.0;1.4;4.0;-;0.0
KENAI;202411140930;24.2;56.2;822.8;1.4;3.7;46;0.0
KENAI;202411140940;23.9;60.7;822.6;0.4;3.5;116;0.0
KENAI;202411140950;23.9;57.1;822.5;0.5;3.6;125;0.0
KENAI;202411141000;24.7;53.2;822.3;1.4;3.1;63;0.0
KENAI;202411141010;24.8;55.2;822.0;2.2;4.4;82;0.0
KENAI;202411141020;24.5;58.3;821.9;1.8;5.0;96;0.0
KENAI;202411141030;24.9;53.7;821.6;0.7;4.9;77;0.0
