916
VRXZ07 LSSW 141008
Station/Location;Date;tre200s0;uor200s0;prestas0;fkl010z0;fkl010z1;dkl010z0;rre150z0
KENAI;202411140810;22.5;65.5;824.0;1.8;4.1;80;0.0
KENAI;202411140820;22.6;65.2;823.9;2.3;3.7;40;0.0
KENAI;202411140830;22.3;66.0;823.9;1.0;5.0;84;0.0
KENAI;202411140840;23.6;64.4;823.6;1.8;4.6;51;0.0
KENAI;202411140850;24.0;62.8;823.5;2.0;4.0;30;0.0
KENAI;202411140900;22.9;63.3;823.4;1.2;4.2;130;0.0
KENAI;202411140910;23.1;-;823.2;1.2;3.7;-;0.0
KENAI;202411140920;23.8;-;823.0;1.4;4.0;-;0.0
KENAI;202411140930;24.2;56.2;822.8;1.4;3.7;46;0.0
KENAI;202411140940;23.9;60.7;822.6;0.4;3.5;116;0.0
KENAI;202411140950;23.9;57.1;822.5;0.5;3.6;125;0.0
KENAI;202411141000;24.7;53.2;822.3;1.4;3.1;63;0.0
